Configuration prometteuse
lambda_b=0.1, lambda_k=0.0

Source aggregated row:
{
  "lambda_b": 0.1,
  "lambda_k": 0.0,
  "count_valid": 35.0,
  "a_median": 0.3687541598246189,
  "a_q25": 0.2538308679105883,
  "a_q75": 0.6067113737463308,
  "a_std": 0.2124423375172187,
  "b_median": 3.40514963999937e-05,
  "b_q25": 2.440523051089646e-05,
  "b_q75": 4.550228935176577e-05,
  "b_std": 0.1894256696321446,
  "m_median": 0.4358022639992913,
  "m_q25": 0.2188919452014266,
  "m_q75": 0.5574684539686346,
  "m_std": 0.2108215132658828,
  "kappa_median": -0.5827875716418491,
  "kappa_q25": -0.5836628507157691,
  "kappa_q75": -0.5823476222753615,
  "kappa_std": 0.1986046240363576,
  "mse_penalized_median": 0.9996161485105596,
  "mse_penalized_q25": 0.9996161483874558,
  "mse_penalized_q75": 0.9996161500727008,
  "mse_penalized_std": 0.1036753266626943
}
Bootstrap summary (global):
{
  "a": {
    "median": 0.2275561436182603,
    "q025": -0.9185166360872038,
    "q975": 0.6886190384916396,
    "std": 0.4753041354712452,
    "n": 1198
  },
  "b": {
    "median": 5.3610056836697265e-06,
    "q025": -0.00985241239173038,
    "q975": 0.0113662588222886,
    "std": 0.008059835183664633,
    "n": 1198
  },
  "m": {
    "median": 0.001129715530139,
    "q025": 0.0,
    "q975": 0.3376085622043501,
    "std": 0.11443603617001086,
    "n": 1198
  },
  "kappa": {
    "median": -0.00019638135024984999,
    "q025": -0.08272662911470922,
    "q975": 0.0391287985720473,
    "std": 0.028542408336074198,
    "n": 1198
  }
}

Quick verdict:
agg_count_valid=35.0, mse_pen_med=0.9996161485105596
a_med=0.2276
b_med=5.361e-06
kappa_med=-0.0001964