Configuration prometteuse
lambda_b=0.01, lambda_k=0.0

Source aggregated row:
{
  "lambda_b": 0.01,
  "lambda_k": 0.0,
  "count_valid": 32.0,
  "a_median": 0.4733750673057614,
  "a_q25": 0.3875209846445127,
  "a_q75": 0.596617098453366,
  "a_std": 0.1649851276672248,
  "b_median": 0.0003460202621856,
  "b_q25": 0.0002787693087505,
  "b_q75": 0.0004646409480633,
  "b_std": 0.0015704085919148,
  "m_median": 0.3523006994340644,
  "m_q25": 0.2294403025330918,
  "m_q75": 0.4382123443196045,
  "m_std": 0.1649530320703971,
  "kappa_median": -0.5830121801618111,
  "kappa_q25": -0.583973030399934,
  "kappa_q75": -0.5826342002684582,
  "kappa_std": 0.0512151886267108,
  "mse_penalized_median": 0.9996161479510756,
  "mse_penalized_q25": 0.999616147674269,
  "mse_penalized_q75": 0.9996161487967212,
  "mse_penalized_std": 3.2735251238783294e-06
}
Bootstrap summary (global):
{
  "a": {
    "median": 0.2275561436182603,
    "q025": -0.9185166360872038,
    "q975": 0.6886190384916396,
    "std": 0.4753041354712452,
    "n": 1198
  },
  "b": {
    "median": 5.3610056836697265e-06,
    "q025": -0.00985241239173038,
    "q975": 0.0113662588222886,
    "std": 0.008059835183664633,
    "n": 1198
  },
  "m": {
    "median": 0.001129715530139,
    "q025": 0.0,
    "q975": 0.3376085622043501,
    "std": 0.11443603617001086,
    "n": 1198
  },
  "kappa": {
    "median": -0.00019638135024984999,
    "q025": -0.08272662911470922,
    "q975": 0.0391287985720473,
    "std": 0.028542408336074198,
    "n": 1198
  }
}

Quick verdict:
agg_count_valid=32.0, mse_pen_med=0.9996161479510756
a_med=0.2276
b_med=5.361e-06
kappa_med=-0.0001964